============================================================
     REPORTE CIENTÍFICO DE REGRESIÓN POLINÓMICA (Q4)
============================================================

RMSE (Error Cuadrático Medio): 1,069,322.28
R^2 (Coeficiente de Determinación): -835.8011

------------------------------
ESTADÍSTICAS DESCRIPTIVAS
------------------------------
                 id     ad_spend        price  discount_rate  market_reach    impressions  click_through_rate  competition_index  seasonality_index  campaign_duration_days  customer_lifetime_value
count   6000.000000  6000.000000  6000.000000    6000.000000   6000.000000    6000.000000         6000.000000         6000.00000        6000.000000             6000.000000              6000.000000
mean   21000.500000    44.895114     5.243418       0.226645    323.188205    7320.867167            0.056308            3.99694          -0.019712               36.277608             11089.574428
std     1732.195139   185.408209    20.082636       0.145004    242.468857    7613.079734            0.047799            1.97178           0.921995               26.181433             37970.866581
min    18001.000000     0.001000     0.001000       0.000200      1.000000  -18129.000000            0.000100            0.03000          -1.366025                7.000000                 0.001000
25%    19500.750000     4.972500     1.250000       0.111575    146.000000    2474.000000            0.020675            2.46000          -1.000000               14.000000               595.787500
50%    21000.500000    13.000000     1.950000       0.208450    281.000000    5151.500000            0.045050            3.97000           0.366025               28.000000              1925.830000
75%    22500.250000    20.800000     3.750000       0.312325    429.000000    9701.750000            0.076825            5.38000           1.000000               60.000000              6558.712500
max    24000.000000  2500.000000   246.834153       0.600000   1490.000000  118268.000000            0.334200            9.59000           1.366025               90.000000            594023.990000

------------------------------
RESUMEN DEL MODELO (Statsmodels)
------------------------------
                               OLS Regression Results                              
===================================================================================
Dep. Variable:     customer_lifetime_value   R-squared:                       0.436
Model:                                 OLS   Adj. R-squared:                  0.287
Method:                      Least Squares   F-statistic:                     2.935
Date:                     Wed, 18 Mar 2026   Prob (F-statistic):          8.27e-122
Time:                             11:28:02   Log-Likelihood:                -56081.
No. Observations:                     4800   AIC:                         1.142e+05
Df Residuals:                         3799   BIC:                         1.206e+05
Df Model:                             1000                                         
Covariance Type:                 nonrobust                                         
==============================================================================
                 coef    std err          t      P>|t|      [0.025      0.975]
------------------------------------------------------------------------------
const       1.094e+04    465.649     23.484      0.000       1e+04    1.18e+04
x1          7.084e+06   5.53e+06      1.280      0.201   -3.77e+06    1.79e+07
x2          -3.82e+07   8.26e+06     -4.625      0.000   -5.44e+07    -2.2e+07
x3          7.032e+06   8.62e+06      0.816      0.415   -9.87e+06    2.39e+07
x4         -6.149e+05   1.34e+06     -0.461      0.645   -3.23e+06       2e+06
x5          2.619e+06   2.33e+06      1.123      0.262   -1.96e+06    7.19e+06
x6          1.122e+06   2.67e+06      0.421      0.674   -4.11e+06    6.35e+06
x7           7.82e+05   1.39e+06      0.563      0.573   -1.94e+06     3.5e+06
x8          8.753e+05   1.31e+06      0.669      0.504   -1.69e+06    3.44e+06
x9          1.248e+06   1.27e+06      0.983      0.326   -1.24e+06    3.74e+06
x10         1.231e+06   1.37e+06      0.901      0.368   -1.45e+06    3.91e+06
x11            -2e+07   1.65e+07     -1.211      0.226   -5.24e+07    1.24e+07
x12         1.122e+08   2.41e+07      4.660      0.000     6.5e+07    1.59e+08
x13        -2.201e+07   2.58e+07     -0.852      0.394   -7.27e+07    2.86e+07
x14         2.607e+06   3.93e+06      0.664      0.507   -5.09e+06    1.03e+07
x15        -8.616e+06   6.96e+06     -1.237      0.216   -2.23e+07    5.04e+06
x16         -1.84e+06   7.95e+06     -0.231      0.817   -1.74e+07    1.38e+07
x17        -2.398e+06   4.14e+06     -0.579      0.562   -1.05e+07    5.72e+06
x18        -1.712e+06   3.87e+06     -0.443      0.658   -9.29e+06    5.87e+06
x19        -3.864e+06   3.77e+06     -1.025      0.306   -1.13e+07    3.53e+06
x20        -4.018e+06   3.97e+06     -1.012      0.311   -1.18e+07    3.76e+06
x21         3.468e+06   2.96e+06      1.172      0.241   -2.33e+06    9.27e+06
x22        -4.057e+05   4.87e+06     -0.083      0.934   -9.96e+06    9.15e+06
x23        -2.655e+05   1.73e+06     -0.153      0.878   -3.67e+06    3.13e+06
x24        -3.056e+05   2.76e+06     -0.111      0.912   -5.72e+06    5.11e+06
x25        -2.579e+06   2.63e+06     -0.980      0.327   -7.74e+06    2.58e+06
x26         5.223e+06   1.38e+06      3.781      0.000    2.51e+06    7.93e+06
x27        -4.851e+06   1.86e+06     -2.614      0.009   -8.49e+06   -1.21e+06
x28        -1.643e+06   7.06e+05     -2.328      0.020   -3.03e+06   -2.59e+05
x29         2.687e+06   1.97e+06      1.361      0.173   -1.18e+06    6.56e+06
x30         2.615e+06   3.62e+06      0.723      0.470   -4.48e+06    9.71e+06
x31         1.824e+06   1.61e+06      1.134      0.257   -1.33e+06    4.98e+06
x32          1.28e+06   2.84e+06      0.450      0.653    -4.3e+06    6.86e+06
x33         1.231e+06   2.67e+06      0.461      0.645   -4.01e+06    6.47e+06
x34        -5.693e+05   1.37e+06     -0.416      0.677   -3.25e+06    2.11e+06
x35         7.037e+05   1.54e+06      0.458      0.647   -2.31e+06    3.72e+06
x36         4.438e+05   7.06e+05      0.629      0.530    -9.4e+05    1.83e+06
x37        -1.999e+06   1.18e+06     -1.697      0.090   -4.31e+06    3.11e+05
x38        -1.054e+06   3.61e+05     -2.919      0.004   -1.76e+06   -3.46e+05
x39         4.915e+05   4.54e+05      1.083      0.279   -3.98e+05    1.38e+06
x40        -5.848e+05   4.65e+05     -1.258      0.208    -1.5e+06    3.27e+05
x41         1.607e+05   2.43e+05      0.663      0.508   -3.15e+05    6.36e+05
x42        -1.132e+05   2.94e+05     -0.385      0.700    -6.9e+05    4.64e+05
x43         -1.89e+04   1.81e+05     -0.105      0.917   -3.73e+05    3.35e+05
x44         2.189e+05   2.55e+05      0.860      0.390    -2.8e+05    7.18e+05
x45          1.35e+06   9.11e+05      1.483      0.138   -4.35e+05    3.14e+06
x46        -3.048e+06   1.33e+06     -2.290      0.022   -5.66e+06   -4.38e+05
x47        -6.571e+05   4.32e+05     -1.523      0.128    -1.5e+06    1.89e+05
x48         6.698e+05   5.01e+05      1.336      0.182   -3.13e+05    1.65e+06
x49        -2.424e+05   2.98e+05     -0.813      0.416   -8.27e+05    3.42e+05
x50         1.042e+05   4.07e+05      0.256      0.798   -6.95e+05    9.03e+05
x51         1.091e+06   8.96e+05      1.218      0.223   -6.66e+05    2.85e+06
x52         6.026e+05   4.49e+05      1.341      0.180   -2.78e+05    1.48e+06
x53        -6.236e+05   5.24e+05     -1.189      0.234   -1.65e+06    4.05e+05
x54         5.356e+05   2.78e+05      1.924      0.054   -1.01e+04    1.08e+06
x55        -5.374e+05   3.98e+05     -1.350      0.177   -1.32e+06    2.43e+05
x56         3.596e+05   3.29e+05      1.092      0.275   -2.86e+05    1.01e+06
x57        -7.761e+05   3.11e+05     -2.495      0.013   -1.39e+06   -1.66e+05
x58        -5.926e+04   1.66e+05     -0.357      0.721   -3.84e+05    2.66e+05
x59         1.218e+05   2.68e+05      0.455      0.649   -4.04e+05    6.47e+05
x60        -5.815e+05   4.09e+05     -1.422      0.155   -1.38e+06     2.2e+05
x61         3.489e+04   2.21e+05      0.158      0.875   -3.99e+05    4.69e+05
x62          2.78e+05    2.9e+05      0.960      0.337    -2.9e+05    8.46e+05
x63         5.614e+04   9.31e+04      0.603      0.546   -1.26e+05    2.39e+05
x64        -7.187e+04   1.74e+05     -0.412      0.680   -4.14e+05     2.7e+05
x65         2.815e+05   4.52e+05      0.623      0.534   -6.05e+05    1.17e+06
x66         1.902e+07   1.65e+07      1.149      0.251   -1.34e+07    5.15e+07
x67        -1.079e+08   2.39e+07     -4.512      0.000   -1.55e+08    -6.1e+07
x68         2.317e+07   2.64e+07      0.879      0.380   -2.85e+07    7.49e+07
x69        -3.411e+06   4.01e+06     -0.850      0.395   -1.13e+07    4.45e+06
x70         9.469e+06   7.13e+06      1.328      0.184   -4.51e+06    2.34e+07
x71         2.892e+05    8.1e+06      0.036      0.972   -1.56e+07    1.62e+07
x72         2.338e+06   4.23e+06      0.553      0.580   -5.95e+06    1.06e+07
x73           9.1e+05      4e+06      0.228      0.820   -6.93e+06    8.75e+06
x74         3.961e+06    3.8e+06      1.043      0.297   -3.49e+06    1.14e+07
x75         4.347e+06   3.99e+06      1.090      0.276   -3.47e+06    1.22e+07
x76        -8.043e+06   5.58e+06     -1.442      0.149    -1.9e+07    2.89e+06
x77        -4.556e+06   8.87e+06     -0.514      0.607   -2.19e+07    1.28e+07
x78        -1.817e+06   3.31e+06     -0.549      0.583   -8.31e+06    4.67e+06
x79        -1.582e+06   5.45e+06     -0.291      0.771   -1.23e+07    9.09e+06
x80         7.618e+06   5.13e+06      1.486      0.137   -2.43e+06    1.77e+07
x81        -9.223e+06   2.68e+06     -3.447      0.001   -1.45e+07   -3.98e+06
x82         6.007e+06    3.5e+06      1.715      0.086   -8.61e+05    1.29e+07
x83         3.378e+06   1.35e+06      2.504      0.012    7.32e+05    6.02e+06
x84        -6.846e+06   3.64e+06     -1.880      0.060    -1.4e+07    2.93e+05
x85        -5.425e+06    7.5e+06     -0.723      0.470   -2.01e+07    9.28e+06
x86        -2.906e+06   3.07e+06     -0.946      0.344   -8.93e+06    3.11e+06
x87        -3.064e+06   5.74e+06     -0.533      0.594   -1.43e+07     8.2e+06
x88        -2.991e+06   5.44e+06     -0.550      0.582   -1.37e+07    7.67e+06
x89         6.782e+05   2.75e+06      0.247      0.805   -4.71e+06    6.07e+06
x90        -1.076e+06   3.06e+06     -0.351      0.725   -7.08e+06    4.93e+06
x91        -1.005e+06   1.36e+06     -0.736      0.462   -3.68e+06    1.67e+06
x92           4.3e+06   2.21e+06      1.944      0.052   -3.65e+04    8.64e+06
x93         1.973e+06    6.5e+05      3.036      0.002    6.99e+05    3.25e+06
x94         -7.11e+05   8.55e+05     -0.831      0.406   -2.39e+06    9.66e+05
x95         1.102e+06   8.81e+05      1.251      0.211   -6.25e+05    2.83e+06
x96        -3.349e+05   4.67e+05     -0.717      0.474   -1.25e+06    5.81e+05
x97         2.661e+05   5.48e+05      0.486      0.627   -8.08e+05    1.34e+06
x98         9897.1304   3.45e+05      0.029      0.977   -6.67e+05    6.87e+05
x99        -5.359e+05   4.64e+05     -1.154      0.249   -1.45e+06    3.75e+05
x100       -2.518e+06   1.78e+06     -1.414      0.157   -6.01e+06    9.73e+05
x101        5.667e+06    2.6e+06      2.177      0.030    5.63e+05    1.08e+07
x102        1.255e+06   8.42e+05      1.490      0.136   -3.97e+05    2.91e+06
x103       -1.179e+06    9.6e+05     -1.228      0.220   -3.06e+06    7.04e+05
x104        4.835e+05   5.84e+05      0.828      0.408   -6.62e+05    1.63e+06
x105       -1.002e+05   7.65e+05     -0.131      0.896    -1.6e+06     1.4e+06
x106       -1.857e+06   1.78e+06     -1.046      0.296   -5.34e+06    1.62e+06
x107       -1.099e+06   8.76e+05     -1.254      0.210   -2.82e+06    6.19e+05
x108        1.061e+06   9.88e+05      1.073      0.283   -8.77e+05       3e+06
x109       -9.695e+05   5.44e+05     -1.781      0.075   -2.04e+06     9.8e+04
x110        9.091e+05   7.46e+05      1.219      0.223   -5.53e+05    2.37e+06
x111       -4.045e+05   6.41e+05     -0.631      0.528   -1.66e+06    8.52e+05
x112        1.468e+06   5.97e+05      2.459      0.014    2.98e+05    2.64e+06
x113        1.618e+05   3.22e+05      0.502      0.615   -4.69e+05    7.93e+05
x114       -1.423e+05   4.96e+05     -0.287      0.774   -1.12e+06    8.31e+05
x115        1.067e+06   7.44e+05      1.434      0.152   -3.91e+05    2.53e+06
x116        5.723e+04   4.24e+05      0.135      0.893   -7.73e+05    8.88e+05
x117       -5.586e+05   5.38e+05     -1.039      0.299   -1.61e+06    4.96e+05
x118       -1.013e+05   1.84e+05     -0.552      0.581   -4.61e+05    2.59e+05
x119        9.021e+04    3.3e+05      0.273      0.785   -5.57e+05    7.38e+05
x120        -2.41e+05   7.99e+05     -0.302      0.763   -1.81e+06    1.33e+06
x121       -8.796e+05   9.34e+05     -0.941      0.347   -2.71e+06    9.53e+05
x122        6.783e+06   1.11e+06      6.092      0.000     4.6e+06    8.97e+06
x123        1.031e+05   4.72e+05      0.218      0.827   -8.23e+05    1.03e+06
x124         1.79e+06   8.79e+05      2.037      0.042    6.75e+04    3.51e+06
x125        -2.84e+06   1.01e+06     -2.815      0.005   -4.82e+06   -8.62e+05
x126       -4.549e+05    4.8e+05     -0.947      0.344    -1.4e+06    4.87e+05
x127        8.891e+05   5.91e+05      1.504      0.133    -2.7e+05    2.05e+06
x128        7.727e+04   2.45e+05      0.316      0.752   -4.02e+05    5.57e+05
x129        5.262e+04   5.44e+05      0.097      0.923   -1.01e+06    1.12e+06
x130        4.411e+06   2.82e+06      1.564      0.118   -1.12e+06    9.94e+06
x131        1.431e+06   7.12e+05      2.011      0.044    3.55e+04    2.83e+06
x132        1.444e+06   1.37e+06      1.055      0.292   -1.24e+06    4.13e+06
x133       -8.642e+05   8.14e+05     -1.062      0.288   -2.46e+06    7.31e+05
x134       -6.726e+04   3.78e+05     -0.178      0.859   -8.08e+05    6.74e+05
x135        1.486e+06   7.47e+05      1.990      0.047    2.22e+04    2.95e+06
x136        3.285e+05    5.3e+05      0.619      0.536   -7.11e+05    1.37e+06
x137        1.288e+06   4.89e+05      2.633      0.009    3.29e+05    2.25e+06
x138        5.648e+05   3.36e+05      1.682      0.093   -9.36e+04    1.22e+06
x139        5.736e+04   4.21e+05      0.136      0.892   -7.69e+05    8.84e+05
x140         7.65e+05   3.24e+05      2.359      0.018    1.29e+05     1.4e+06
x141       -7.899e+05   2.48e+05     -3.183      0.001   -1.28e+06   -3.03e+05
x142       -8.471e+04   3.55e+05     -0.239      0.811   -7.81e+05    6.11e+05
x143        8.434e+04   1.35e+05      0.626      0.531    -1.8e+05    3.49e+05
x144        1.473e+06   3.51e+05      4.199      0.000    7.85e+05    2.16e+06
x145       -2.944e+05   8.32e+05     -0.354      0.724   -1.93e+06    1.34e+06
x146       -3.177e+05    1.7e+06     -0.187      0.852   -3.66e+06    3.02e+06
x147       -2.772e+05   2.74e+05     -1.013      0.311   -8.14e+05    2.59e+05
x148        2.582e+06    4.7e+05      5.496      0.000    1.66e+06     3.5e+06
x149       -3.722e+05   2.51e+05     -1.483      0.138   -8.64e+05     1.2e+05
x150        -2.87e+05   4.33e+05     -0.664      0.507   -1.14e+06    5.61e+05
x151        1.992e+05   8.79e+05      0.227      0.821   -1.52e+06    1.92e+06
x152       -6.083e+04   2.45e+05     -0.248      0.804   -5.42e+05     4.2e+05
x153       -1.803e+06    3.8e+05     -4.738      0.000   -2.55e+06   -1.06e+06
x154        5.251e+05   2.39e+05      2.195      0.028    5.61e+04    9.94e+05
x155       -6.448e+05   3.71e+05     -1.740      0.082   -1.37e+06    8.19e+04
x156        1.396e+05   2.35e+05      0.593      0.553   -3.22e+05    6.01e+05
x157        2.728e+05   3.02e+05      0.904      0.366   -3.19e+05    8.64e+05
x158        -309.8334   1.12e+05     -0.003      0.998    -2.2e+05    2.19e+05
x159       -1.626e+06   2.99e+05     -5.438      0.000   -2.21e+06   -1.04e+06
x160        8.617e+05   3.48e+05      2.475      0.013    1.79e+05    1.54e+06
x161       -5.537e+05   1.39e+05     -3.973      0.000   -8.27e+05    -2.8e+05
x162        2.148e+06   3.62e+05      5.936      0.000    1.44e+06    2.86e+06
x163        2.152e+05   7.92e+04      2.718      0.007       6e+04    3.71e+05
x164        4.466e+05   1.56e+05      2.863      0.004    1.41e+05    7.52e+05
x165       -1.307e+05   4.45e+05     -0.293      0.769      -1e+06    7.43e+05
x166        2.553e+05    1.4e+06      0.182      0.855   -2.49e+06       3e+06
x167       -1.595e+06   1.41e+06     -1.133      0.257   -4.35e+06    1.16e+06
x168        1.457e+06   1.77e+06      0.825      0.409   -2.01e+06    4.92e+06
x169       -1.506e+06   1.71e+06     -0.883      0.378   -4.85e+06    1.84e+06
x170        1.423e+06   9.76e+05      1.459      0.145    -4.9e+05    3.34e+06
x171       -4.125e+05   7.12e+05     -0.580      0.562   -1.81e+06    9.83e+05
x172       -1.296e+04   3.07e+05     -0.042      0.966   -6.14e+05    5.88e+05
x173         6.92e+05   7.71e+05      0.898      0.369   -8.19e+05     2.2e+06
x174        -7.74e+04   2.87e+05     -0.270      0.787    -6.4e+05    4.85e+05
x175       -8.949e+05    6.1e+05     -1.467      0.143   -2.09e+06    3.01e+05
x176        4.859e+05   5.14e+05      0.946      0.344   -5.21e+05    1.49e+06
x177        1.063e+04   2.76e+05      0.039      0.969   -5.31e+05    5.52e+05
x178       -3.157e+05   2.74e+05     -1.152      0.249   -8.53e+05    2.22e+05
x179       -6.486e+04   1.15e+05     -0.562      0.574   -2.91e+05    1.61e+05
x180       -3.314e+05   1.89e+05     -1.755      0.079   -7.02e+05    3.89e+04
x181       -8.305e+05   8.36e+05     -0.994      0.320   -2.47e+06    8.08e+05
x182        1.315e+06   1.33e+06      0.989      0.323   -1.29e+06    3.92e+06
x183        1.323e+06   6.34e+05      2.087      0.037    7.99e+04    2.57e+06
x184        4.839e+04   4.67e+05      0.104      0.918   -8.67e+05    9.64e+05
x185         4.13e+05   2.36e+05      1.747      0.081   -5.04e+04    8.76e+05
x186        4.081e+05   4.13e+05      0.989      0.323   -4.01e+05    1.22e+06
x187       -9.909e+04   6.68e+05     -0.148      0.882   -1.41e+06    1.21e+06
x188       -8.478e+05   7.42e+05     -1.143      0.253    -2.3e+06    6.07e+05
x189        1.852e+05   4.71e+05      0.393      0.694   -7.38e+05    1.11e+06
x190       -2.469e+05   2.23e+05     -1.108      0.268   -6.84e+05     1.9e+05
x191       -6.276e+04   3.49e+05     -0.180      0.857   -7.46e+05    6.21e+05
x192       -1.511e+05   2.57e+05     -0.589      0.556   -6.54e+05    3.52e+05
x193        1.673e+05   2.44e+05      0.686      0.493   -3.11e+05    6.46e+05
x194       -9.512e+04   9.59e+04     -0.992      0.321   -2.83e+05    9.29e+04
x195        1.621e+05   1.61e+05      1.004      0.316   -1.54e+05    4.79e+05
x196       -1.392e+05      3e+05     -0.464      0.643   -7.28e+05    4.49e+05
x197        4.722e+04   1.13e+05      0.419      0.675   -1.74e+05    2.68e+05
x198       -3.967e+05   1.83e+05     -2.165      0.030   -7.56e+05   -3.75e+04
x199         1.25e+05   7.73e+04      1.617      0.106   -2.65e+04    2.77e+05
x200        6.577e+04   1.08e+05      0.608      0.543   -1.46e+05    2.78e+05
x201       -9.029e+04   2.73e+05     -0.331      0.741   -6.26e+05    4.45e+05
x202        1.458e+04   1.06e+05      0.138      0.890   -1.92e+05    2.21e+05
x203       -6.823e+04   1.04e+05     -0.655      0.512   -2.72e+05    1.36e+05
x204       -1.563e+04   1.07e+05     -0.147      0.883   -2.25e+05    1.93e+05
x205        5.467e+04   5.54e+04      0.987      0.323   -5.39e+04    1.63e+05
x206        3.326e+04   7.26e+04      0.458      0.647   -1.09e+05    1.76e+05
x207       -1.888e+04    3.6e+04     -0.524      0.600   -8.95e+04    5.18e+04
x208        1.098e+05   5.79e+04      1.897      0.058   -3706.998    2.23e+05
x209       -6.768e+04   1.51e+05     -0.449      0.653   -3.63e+05    2.28e+05
x210       -5.564e+04   2.27e+05     -0.245      0.806   -5.01e+05     3.9e+05
x211        6.906e+04   7.27e+04      0.949      0.343   -7.36e+04    2.12e+05
x212       -1.364e+05   8.97e+04     -1.521      0.128   -3.12e+05    3.95e+04
x213        5.688e+04   4.58e+04      1.242      0.214   -3.29e+04    1.47e+05
x214        1.909e+04   7.51e+04      0.254      0.799   -1.28e+05    1.66e+05
x215       -2.381e+04   1.46e+05     -0.163      0.871   -3.11e+05    2.63e+05
x216       -5.808e+04   7.32e+04     -0.793      0.428   -2.02e+05    8.55e+04
x217        1.204e+05   9.48e+04      1.270      0.204   -6.54e+04    3.06e+05
x218       -4.189e+04   4.39e+04     -0.955      0.340   -1.28e+05    4.41e+04
x219       -6.146e+04   7.22e+04     -0.852      0.394   -2.03e+05       8e+04
x220       -6.555e+04   5.32e+04     -1.233      0.218    -1.7e+05    3.87e+04
x221        6.735e+04   5.02e+04      1.342      0.180    -3.1e+04    1.66e+05
x222         998.6731   2.42e+04      0.041      0.967   -4.65e+04    4.85e+04
x223       -2.896e+04   4.31e+04     -0.671      0.502   -1.14e+05    5.56e+04
x224        3831.4406   7.08e+04      0.054      0.957   -1.35e+05    1.43e+05
x225        4570.4869   3.36e+04      0.136      0.892   -6.13e+04    7.04e+04
x226       -2.071e+04   4.98e+04     -0.416      0.677   -1.18e+05    7.69e+04
x227       -2.009e+04   1.68e+04     -1.199      0.230   -5.29e+04    1.28e+04
x228        1.835e+04   2.63e+04      0.697      0.486   -3.33e+04       7e+04
x229        1.527e+04   7.46e+04      0.205      0.838   -1.31e+05    1.61e+05
x230       -4.639e+04   2.52e+05     -0.184      0.854   -5.41e+05    4.48e+05
x231        2.411e+05   4.55e+05      0.529      0.597   -6.52e+05    1.13e+06
x232       -1566.3919   1.51e+05     -0.010      0.992   -2.97e+05    2.94e+05
x233       -2.692e+05    1.8e+05     -1.496      0.135   -6.22e+05    8.36e+04
x234        7.185e+04   8.18e+04      0.879      0.380   -8.85e+04    2.32e+05
x235        2.253e+05   1.49e+05      1.517      0.129    -6.6e+04    5.17e+05
x236         1.43e+05   4.89e+05      0.293      0.770   -8.15e+05     1.1e+06
x237        9.466e+04   2.36e+05      0.402      0.688   -3.67e+05    5.57e+05
x238        2.405e+05   2.69e+05      0.894      0.371   -2.87e+05    7.68e+05
x239       -1.608e+05   1.17e+05     -1.374      0.170    -3.9e+05    6.87e+04
x240         -2.2e+05   1.88e+05     -1.173      0.241   -5.88e+05    1.48e+05
x241       -5.295e+04   7.92e+04     -0.668      0.504   -2.08e+05    1.02e+05
x242        4.184e+04   8.93e+04      0.469      0.639   -1.33e+05    2.17e+05
x243       -7.665e+04   4.01e+04     -1.912      0.056   -1.55e+05    1959.885
x244        3.426e+04   6.67e+04      0.514      0.607   -9.65e+04    1.65e+05
x245       -5.793e+04   1.27e+05     -0.455      0.649   -3.08e+05    1.92e+05
x246       -7756.4296   5.43e+04     -0.143      0.886   -1.14e+05    9.87e+04
x247       -4.432e+04   9.12e+04     -0.486      0.627   -2.23e+05    1.34e+05
x248       -9.686e+04    2.8e+04     -3.456      0.001   -1.52e+05   -4.19e+04
x249        1.549e+04    4.3e+04      0.360      0.719   -6.89e+04    9.99e+04
x250       -2.038e+05   1.15e+05     -1.767      0.077    -4.3e+05    2.24e+04
x251       -5.822e+05   2.69e+05     -2.164      0.031   -1.11e+06   -5.47e+04
x252       -3.226e+04   1.93e+05     -0.167      0.867    -4.1e+05    3.46e+05
x253        -7.14e+04   1.82e+05     -0.391      0.696   -4.29e+05    2.86e+05
x254        6.393e+04   7.27e+04      0.880      0.379   -7.85e+04    2.06e+05
x255        2.128e+05   1.15e+05      1.857      0.063   -1.19e+04    4.37e+05
x256        7.764e+04    8.5e+04      0.914      0.361   -8.89e+04    2.44e+05
x257       -1.349e+05   9.16e+04     -1.473      0.141   -3.14e+05    4.47e+04
x258        4.761e+04   3.69e+04      1.291      0.197   -2.47e+04     1.2e+05
x259       -4.478e+04   6.77e+04     -0.662      0.508   -1.77e+05    8.79e+04
x260        9.396e+04   1.28e+05      0.736      0.462   -1.56e+05    3.44e+05
x261       -2.591e+04   5.09e+04     -0.509      0.611   -1.26e+05    7.39e+04
x262        5.758e+04   8.96e+04      0.642      0.521   -1.18e+05    2.33e+05
x263        1.098e+05   2.86e+04      3.846      0.000    5.38e+04    1.66e+05
x264       -5.944e+04   3.88e+04     -1.533      0.125   -1.35e+05    1.66e+04
x265         1.78e+05   1.16e+05      1.537      0.124   -4.91e+04    4.05e+05
x266       -8.617e+04   7.08e+04     -1.217      0.224   -2.25e+05    5.27e+04
x267       -1.258e+05   6.94e+04     -1.813      0.070   -2.62e+05    1.03e+04
x268       -1.112e+04   3.03e+04     -0.367      0.714   -7.05e+04    4.83e+04
x269       -4.073e+04   5.44e+04     -0.749      0.454   -1.47e+05    6.59e+04
x270        9.607e+04   7.56e+04      1.271      0.204   -5.22e+04    2.44e+05
x271        1.389e+04   3.16e+04      0.440      0.660    -4.8e+04    7.58e+04
x272        4.751e+04   5.53e+04      0.859      0.390   -6.09e+04    1.56e+05
x273       -1.398e+04   1.57e+04     -0.893      0.372   -4.47e+04    1.67e+04
x274         258.1776   2.53e+04      0.010      0.992   -4.94e+04    4.99e+04
x275       -2.494e+04   6.95e+04     -0.359      0.720   -1.61e+05    1.11e+05
x276       -8942.1653   1.12e+05     -0.080      0.936   -2.28e+05     2.1e+05
x277       -5.358e+04   4.57e+04     -1.173      0.241   -1.43e+05     3.6e+04
x278       -1054.6145   7.03e+04     -0.015      0.988   -1.39e+05    1.37e+05
x279       -9209.1558    1.9e+04     -0.484      0.628   -4.65e+04    2.81e+04
x280        9262.9365   3.16e+04      0.293      0.770   -5.28e+04    7.13e+04
x281       -3.985e+04   8.69e+04     -0.458      0.647    -2.1e+05    1.31e+05
x282       -3339.6028   1.93e+04     -0.173      0.863   -4.13e+04    3.46e+04
x283       -1.558e+04   1.64e+04     -0.948      0.343   -4.78e+04    1.67e+04
x284        1.657e+04   4.29e+04      0.386      0.699   -6.75e+04    1.01e+05
x285       -1.994e+05   1.96e+05     -1.016      0.310   -5.84e+05    1.85e+05
x286       -6.095e+06   5.57e+06     -1.095      0.274    -1.7e+07    4.82e+06
x287        3.422e+07   8.09e+06      4.230      0.000    1.84e+07    5.01e+07
x288       -8.202e+06   9.15e+06     -0.896      0.370   -2.61e+07    9.73e+06
x289        1.408e+06   1.41e+06      0.997      0.319   -1.36e+06    4.18e+06
x290        -3.48e+06    2.5e+06     -1.394      0.163   -8.38e+06    1.42e+06
x291         4.36e+05   2.82e+06      0.155      0.877   -5.09e+06    5.96e+06
x292       -7.265e+05   1.47e+06     -0.493      0.622   -3.62e+06    2.16e+06
x293       -3.664e+04   1.43e+06     -0.026      0.980   -2.84e+06    2.77e+06
x294       -1.335e+06    1.3e+06     -1.030      0.303   -3.88e+06    1.21e+06
x295       -1.596e+06   1.38e+06     -1.154      0.249   -4.31e+06    1.12e+06
x296        4.258e+06   2.68e+06      1.590      0.112   -9.93e+05    9.51e+06
x297        4.086e+06   4.12e+06      0.991      0.322      -4e+06    1.22e+07
x298        1.452e+06   1.65e+06      0.881      0.379   -1.78e+06    4.68e+06
x299        1.175e+06   2.74e+06      0.428      0.669   -4.21e+06    6.56e+06
x300       -4.184e+06   2.58e+06     -1.622      0.105   -9.24e+06    8.72e+05
x301        3.733e+06   1.35e+06      2.770      0.006    1.09e+06    6.38e+06
x302       -1.516e+06   1.72e+06     -0.883      0.377   -4.88e+06    1.85e+06
x303       -1.688e+06   6.66e+05     -2.536      0.011   -2.99e+06   -3.83e+05
x304        4.216e+06   1.76e+06      2.395      0.017    7.64e+05    7.67e+06
x305        2.728e+06   4.11e+06      0.664      0.507   -5.32e+06    1.08e+07
x306        1.328e+06   1.52e+06      0.872      0.384   -1.66e+06    4.32e+06
x307        1.906e+06   2.99e+06      0.638      0.523   -3.95e+06    7.76e+06
x308        1.547e+06   2.86e+06      0.542      0.588   -4.05e+06    7.15e+06
x309       -4.175e+04   1.42e+06     -0.029      0.976   -2.82e+06    2.73e+06
x310        2.627e+05   1.58e+06      0.166      0.868   -2.84e+06    3.36e+06
x311        5.581e+05    6.8e+05      0.820      0.412   -7.76e+05    1.89e+06
x312       -2.322e+06   1.08e+06     -2.155      0.031   -4.43e+06    -2.1e+05
x313       -8.988e+05    3.2e+05     -2.810      0.005   -1.53e+06   -2.72e+05
x314        2.278e+05   4.27e+05      0.534      0.594   -6.09e+05    1.06e+06
x315       -5.025e+05    4.4e+05     -1.142      0.253   -1.36e+06     3.6e+05
x316        1.817e+05   2.35e+05      0.772      0.440    -2.8e+05    6.43e+05
x317       -1.391e+05   2.74e+05     -0.508      0.611   -6.76e+05    3.98e+05
x318        -1.18e+04   1.73e+05     -0.068      0.946    -3.5e+05    3.27e+05
x319        3.638e+05   2.28e+05      1.598      0.110   -8.25e+04     8.1e+05
x320        1.216e+06   9.12e+05      1.334      0.182   -5.71e+05       3e+06
x321       -2.687e+06   1.33e+06     -2.024      0.043   -5.29e+06   -8.38e+04
x322       -5.804e+05   4.27e+05     -1.358      0.174   -1.42e+06    2.57e+05
x323        5.012e+05   4.83e+05      1.038      0.299   -4.46e+05    1.45e+06
x324        -2.43e+05   2.96e+05     -0.822      0.411   -8.23e+05    3.37e+05
x325       -5526.5731   3.84e+05     -0.014      0.989   -7.58e+05    7.47e+05
x326          8.1e+05   9.02e+05      0.898      0.369   -9.59e+05    2.58e+06
x327        4.962e+05   4.45e+05      1.115      0.265   -3.76e+05    1.37e+06
x328       -4.372e+05   4.93e+05     -0.887      0.375    -1.4e+06    5.29e+05
x329        4.563e+05   2.76e+05      1.656      0.098    -8.4e+04    9.97e+05
x330       -3.916e+05   3.77e+05     -1.040      0.298   -1.13e+06    3.47e+05
x331        6.889e+04   3.21e+05      0.215      0.830    -5.6e+05    6.98e+05
x332       -7.162e+05   2.99e+05     -2.392      0.017    -1.3e+06   -1.29e+05
x333       -9.524e+04   1.61e+05     -0.591      0.554   -4.11e+05    2.21e+05
x334        3.884e+04   2.42e+05      0.160      0.873   -4.37e+05    5.14e+05
x335        -5.19e+05   3.68e+05     -1.409      0.159   -1.24e+06    2.03e+05
x336       -8.986e+04   2.11e+05     -0.425      0.671   -5.04e+05    3.25e+05
x337        3.182e+05   2.67e+05      1.190      0.234   -2.06e+05    8.42e+05
x338        4.997e+04   9.39e+04      0.532      0.595   -1.34e+05    2.34e+05
x339       -4.272e+04   1.65e+05     -0.260      0.795   -3.65e+05     2.8e+05
x340        7.571e+04   3.91e+05      0.194      0.847   -6.91e+05    8.43e+05
x341        2.745e+05   7.97e+05      0.344      0.730   -1.29e+06    1.84e+06
x342       -4.691e+06   9.07e+05     -5.172      0.000   -6.47e+06   -2.91e+06
x343       -3.169e+05   4.76e+05     -0.665      0.506   -1.25e+06    6.17e+05
x344       -8.595e+05   7.85e+05     -1.095      0.274    -2.4e+06    6.79e+05
x345        1.339e+06   8.34e+05      1.606      0.108   -2.96e+05    2.97e+06
x346        4.549e+05   4.35e+05      1.046      0.295   -3.97e+05    1.31e+06
x347       -6.439e+04   5.67e+05     -0.114      0.910   -1.18e+06    1.05e+06
x348        7.019e+04   2.22e+05      0.316      0.752   -3.65e+05    5.05e+05
x349        2.073e+05   4.26e+05      0.486      0.627   -6.28e+05    1.04e+06
x350       -4.488e+06   2.68e+06     -1.674      0.094   -9.74e+06    7.68e+05
x351       -1.205e+06   6.29e+05     -1.914      0.056   -2.44e+06    2.91e+04
x352       -1.126e+06   1.32e+06     -0.852      0.394   -3.72e+06    1.46e+06
x353        8.112e+05   7.79e+05      1.041      0.298   -7.17e+05    2.34e+06
x354         1.98e+04   3.57e+05      0.055      0.956   -6.81e+05    7.21e+05
x355       -7.662e+05   6.24e+05     -1.228      0.220   -1.99e+06    4.57e+05
x356       -4.606e+05   4.72e+05     -0.977      0.329   -1.39e+06    4.64e+05
x357       -9.356e+05   4.34e+05     -2.154      0.031   -1.79e+06   -8.42e+04
x358        2.216e+05   2.98e+05      0.744      0.457   -3.63e+05    8.06e+05
x359        4.223e+05   4.15e+05      1.017      0.309   -3.92e+05    1.24e+06
x360       -1.217e+06   3.25e+05     -3.748      0.000   -1.85e+06    -5.8e+05
x361        1.019e+06   2.59e+05      3.930      0.000    5.11e+05    1.53e+06
x362       -9.485e+04   3.23e+05     -0.293      0.769   -7.29e+05    5.39e+05
x363       -1.185e+05   1.25e+05     -0.947      0.343   -3.64e+05    1.27e+05
x364       -1.073e+06   2.81e+05     -3.814      0.000   -1.62e+06   -5.21e+05
x365       -4818.3477   8.24e+05     -0.006      0.995   -1.62e+06    1.61e+06
x366        5.532e+05   1.64e+06      0.338      0.736   -2.66e+06    3.77e+06
x367        4.491e+05   2.52e+05      1.780      0.075   -4.55e+04    9.44e+05
x368       -1.656e+06   4.19e+05     -3.953      0.000   -2.48e+06   -8.35e+05
x369        3.977e+05    2.5e+05      1.589      0.112   -9.31e+04    8.89e+05
x370        3.999e+05    3.9e+05      1.026      0.305   -3.64e+05    1.16e+06
x371       -4.078e+05   8.57e+05     -0.476      0.634   -2.09e+06    1.27e+06
x372        6.871e+04   2.31e+05      0.297      0.766   -3.85e+05    5.22e+05
x373        1.013e+06   3.42e+05      2.958      0.003    3.42e+05    1.68e+06
x374       -5.202e+05   2.32e+05     -2.238      0.025   -9.76e+05   -6.45e+04
x375        2.154e+05   3.37e+05      0.640      0.522   -4.45e+05    8.76e+05
x376        3.051e+05   2.39e+05      1.275      0.202   -1.64e+05    7.74e+05
x377       -6.878e+04   2.74e+05     -0.251      0.802   -6.06e+05    4.68e+05
x378        5.669e+04   1.08e+05      0.523      0.601   -1.56e+05    2.69e+05
x379        1.133e+06   2.62e+05      4.317      0.000    6.18e+05    1.65e+06
x380       -8.748e+05    2.7e+05     -3.241      0.001    -1.4e+06   -3.46e+05
x381        3.511e+05   1.35e+05      2.609      0.009    8.73e+04    6.15e+05
x382           -2e+06   3.09e+05     -6.470      0.000   -2.61e+06   -1.39e+06
x383       -2.215e+05   7.32e+04     -3.025      0.002   -3.65e+05    -7.8e+04
x384       -3.212e+05   1.41e+05     -2.282      0.023   -5.97e+05   -4.53e+04
x385        6.655e+04   3.92e+05      0.170      0.865   -7.02e+05    8.35e+05
x386       -9.798e+05   1.31e+06     -0.750      0.453   -3.54e+06    1.58e+06
x387         2.12e+06   1.31e+06      1.618      0.106   -4.49e+05    4.69e+06
x388       -1.856e+06   1.79e+06     -1.038      0.299   -5.36e+06    1.65e+06
x389        1.853e+06   1.72e+06      1.077      0.282   -1.52e+06    5.23e+06
x390       -1.966e+06    1.1e+06     -1.786      0.074   -4.12e+06    1.92e+05
x391        7.551e+05    8.4e+05      0.899      0.369   -8.91e+05     2.4e+06
x392        1.904e+04   2.94e+05      0.065      0.948   -5.56e+05    5.95e+05
x393        1.879e+05   6.57e+05      0.286      0.775    -1.1e+06    1.48e+06
x394       -1.484e+05   2.55e+05     -0.582      0.560   -6.48e+05    3.51e+05
x395        7.836e+05   5.52e+05      1.420      0.156   -2.98e+05    1.87e+06
x396       -1.285e+05   4.77e+05     -0.269      0.788   -1.06e+06    8.07e+05
x397       -6.611e+04   2.51e+05     -0.263      0.792   -5.59e+05    4.26e+05
x398        1.874e+05   2.57e+05      0.729      0.466   -3.17e+05    6.92e+05
x399        9.093e+04   1.08e+05      0.842      0.400   -1.21e+05    3.03e+05
x400        1.756e+05    1.6e+05      1.095      0.274   -1.39e+05     4.9e+05
x401        9.862e+05   8.19e+05      1.204      0.229    -6.2e+05    2.59e+06
x402       -1.554e+06   1.32e+06     -1.175      0.240   -4.15e+06    1.04e+06
x403       -1.172e+06   6.37e+05     -1.839      0.066   -2.42e+06    7.74e+04
x404       -1.504e+05    4.5e+05     -0.334      0.738   -1.03e+06    7.33e+05
x405       -3.932e+05   2.32e+05     -1.697      0.090   -8.47e+05    6.11e+04
x406       -5.897e+05    3.8e+05     -1.551      0.121   -1.33e+06    1.56e+05
x407         6.35e+04   6.62e+05      0.096      0.924   -1.23e+06    1.36e+06
x408        6.395e+05   7.71e+05      0.829      0.407   -8.72e+05    2.15e+06
x409        6.731e+04   4.43e+05      0.152      0.879   -8.01e+05    9.36e+05
x410        2.536e+05   2.24e+05      1.132      0.258   -1.86e+05    6.93e+05
x411        2.465e+05   3.27e+05      0.753      0.451   -3.95e+05    8.88e+05
x412        4.266e+04   2.49e+05      0.172      0.864   -4.45e+05     5.3e+05
x413       -1.467e+05   2.36e+05     -0.623      0.534   -6.09e+05    3.15e+05
x414        8.818e+04   9.33e+04      0.945      0.345   -9.47e+04    2.71e+05
x415        -1.41e+05   1.41e+05     -1.002      0.316   -4.17e+05    1.35e+05
x416        1.467e+05   2.89e+05      0.508      0.611   -4.19e+05    7.12e+05
x417       -7.813e+04   1.07e+05     -0.729      0.466   -2.88e+05    1.32e+05
x418        4.231e+05   1.66e+05      2.551      0.011    9.79e+04    7.48e+05
x419       -1.179e+05   7.26e+04     -1.624      0.105    -2.6e+05    2.45e+04
x420       -4.126e+04   9.51e+04     -0.434      0.664   -2.28e+05    1.45e+05
x421        8.932e+04   2.29e+05      0.390      0.696   -3.59e+05    5.38e+05
x422       -7.047e+04   8.41e+04     -0.838      0.402   -2.35e+05    9.44e+04
x423        6.726e+04   8.91e+04      0.755      0.450   -1.07e+05    2.42e+05
x424       -2.029e+04   9.01e+04     -0.225      0.822   -1.97e+05    1.56e+05
x425       -4.663e+04   4.83e+04     -0.966      0.334   -1.41e+05     4.8e+04
x426         968.1935   6.11e+04      0.016      0.987   -1.19e+05    1.21e+05
x427        1.903e+04   3.17e+04      0.601      0.548   -4.31e+04    8.11e+04
x428       -1.112e+05    4.9e+04     -2.269      0.023   -2.07e+05   -1.51e+04
x429        6.481e+04   1.44e+05      0.450      0.653   -2.17e+05    3.47e+05
x430        6018.1479   2.14e+05      0.028      0.978   -4.13e+05    4.26e+05
x431       -3.892e+04   6.78e+04     -0.574      0.566   -1.72e+05     9.4e+04
x432        1.006e+05    7.9e+04      1.273      0.203   -5.43e+04    2.56e+05
x433       -7181.8439   4.15e+04     -0.173      0.863   -8.85e+04    7.42e+04
x434       -2956.9425   6.59e+04     -0.045      0.964   -1.32e+05    1.26e+05
x435         5.55e+04   1.35e+05      0.411      0.681    -2.1e+05    3.21e+05
x436        4.476e+04   6.62e+04      0.676      0.499   -8.51e+04    1.75e+05
x437       -9.518e+04   8.12e+04     -1.172      0.241   -2.54e+05     6.4e+04
x438        2.176e+04   4.05e+04      0.537      0.591   -5.76e+04    1.01e+05
x439         4.01e+04   6.17e+04      0.650      0.516   -8.09e+04    1.61e+05
x440       -1.737e+04   4.68e+04     -0.371      0.711   -1.09e+05    7.44e+04
x441       -4.056e+04   4.66e+04     -0.869      0.385   -1.32e+05    5.09e+04
x442       -1.393e+04    2.3e+04     -0.605      0.545    -5.9e+04    3.12e+04
x443        4.238e+04   3.86e+04      1.099      0.272   -3.32e+04    1.18e+05
x444       -2.617e+04   6.26e+04     -0.418      0.676   -1.49e+05    9.66e+04
x445        1.016e+04   3.08e+04      0.330      0.742   -5.03e+04    7.06e+04
x446       -1.958e+04   4.43e+04     -0.442      0.658   -1.06e+05    6.72e+04
x447        1.211e+04   1.57e+04      0.769      0.442   -1.88e+04     4.3e+04
x448       -6940.1524   2.37e+04     -0.293      0.770   -5.34e+04    3.95e+04
x449       -7.829e+04   6.15e+04     -1.274      0.203   -1.99e+05    4.22e+04
x450        1.839e+04    2.5e+05      0.073      0.941   -4.73e+05     5.1e+05
x451        -2.04e+05   4.38e+05     -0.465      0.642   -1.06e+06    6.55e+05
x452       -9.131e+04    1.5e+05     -0.607      0.544   -3.86e+05    2.04e+05
x453        2.399e+05   1.65e+05      1.456      0.145   -8.31e+04    5.63e+05
x454       -7.338e+04   7.99e+04     -0.918      0.359    -2.3e+05    8.33e+04
x455       -1.738e+05   1.38e+05     -1.264      0.206   -4.44e+05    9.59e+04
x456       -9.376e+04   4.61e+05     -0.204      0.839   -9.97e+05     8.1e+05
x457        7622.5818   2.33e+05      0.033      0.974   -4.49e+05    4.64e+05
x458       -2.221e+05   2.41e+05     -0.923      0.356   -6.94e+05     2.5e+05
x459        1.158e+05   1.13e+05      1.022      0.307   -1.06e+05    3.38e+05
x460        1.773e+05   1.75e+05      1.015      0.310   -1.65e+05     5.2e+05
x461        3.511e+04    7.6e+04      0.462      0.644   -1.14e+05    1.84e+05
x462       -8.355e+04   8.34e+04     -1.002      0.316   -2.47e+05    7.99e+04
x463        5.483e+04    3.9e+04      1.406      0.160   -2.16e+04    1.31e+05
x464       -3.094e+04   6.09e+04     -0.508      0.611    -1.5e+05    8.84e+04
x465        1.148e+05   1.12e+05      1.029      0.303   -1.04e+05    3.33e+05
x466        3452.4041   5.12e+04      0.067      0.946   -9.69e+04    1.04e+05
x467        5.212e+04   7.97e+04      0.654      0.513   -1.04e+05    2.08e+05
x468        8.559e+04   2.67e+04      3.203      0.001    3.32e+04    1.38e+05
x469       -7266.3721   3.91e+04     -0.186      0.853   -8.39e+04    6.94e+04
x470        1.716e+05   9.75e+04      1.759      0.079   -1.97e+04    3.63e+05
x471        4.607e+05   2.46e+05      1.869      0.062   -2.25e+04    9.44e+05
x472       -2.377e+04    1.9e+05     -0.125      0.900   -3.96e+05    3.49e+05
x473        8.304e+04   1.62e+05      0.512      0.609   -2.35e+05    4.01e+05
x474       -3.697e+04   6.85e+04     -0.540      0.590   -1.71e+05    9.74e+04
x475       -1.574e+05   1.08e+05     -1.454      0.146    -3.7e+05    5.48e+04
x476       -7.598e+04   8.27e+04     -0.919      0.358   -2.38e+05    8.61e+04
x477        1.366e+05   8.31e+04      1.644      0.100   -2.63e+04       3e+05
x478       -3.488e+04   3.52e+04     -0.990      0.322   -1.04e+05    3.42e+04
x479        6.641e+04   6.08e+04      1.093      0.275   -5.28e+04    1.86e+05
x480       -1.426e+05   1.09e+05     -1.306      0.192   -3.57e+05    7.15e+04
x481        1.046e+04    4.7e+04      0.223      0.824   -8.17e+04    1.03e+05
x482       -3.163e+04   7.56e+04     -0.418      0.676    -1.8e+05    1.17e+05
x483       -9.783e+04   2.72e+04     -3.596      0.000   -1.51e+05   -4.45e+04
x484        3.009e+04   3.53e+04      0.852      0.394   -3.92e+04    9.94e+04
x485       -1.771e+05   9.44e+04     -1.876      0.061   -3.62e+05    7964.348
x486        1.293e+05   6.23e+04      2.076      0.038    7192.817    2.51e+05
x487        9.979e+04   6.27e+04      1.591      0.112   -2.32e+04    2.23e+05
x488        6059.6959   2.84e+04      0.213      0.831   -4.97e+04    6.18e+04
x489       -9084.4474   4.49e+04     -0.202      0.840   -9.72e+04     7.9e+04
x490       -6.508e+04   6.63e+04     -0.982      0.326   -1.95e+05    6.49e+04
x491       -6203.5664   2.96e+04     -0.210      0.834   -6.42e+04    5.18e+04
x492       -4599.6148   4.71e+04     -0.098      0.922    -9.7e+04    8.78e+04
x493        1.333e+04    1.5e+04      0.891      0.373    -1.6e+04    4.27e+04
x494       -6641.0778    2.2e+04     -0.302      0.763   -4.98e+04    3.65e+04
x495       -6237.9023   5.75e+04     -0.108      0.914   -1.19e+05    1.07e+05
x496        3.443e+04   9.46e+04      0.364      0.716   -1.51e+05     2.2e+05
x497        5.127e+04   4.06e+04      1.262      0.207   -2.84e+04    1.31e+05
x498       -3.589e+04   5.92e+04     -0.607      0.544   -1.52e+05    8.01e+04
x499        5101.9214   1.74e+04      0.293      0.769    -2.9e+04    3.92e+04
x500        4339.4853   2.89e+04      0.150      0.881   -5.24e+04     6.1e+04
x501         -1.3e+04    7.1e+04     -0.183      0.855   -1.52e+05    1.26e+05
x502        -960.7682   1.85e+04     -0.052      0.959   -3.72e+04    3.53e+04
x503        1615.7387   1.48e+04      0.109      0.913   -2.74e+04    3.06e+04
x504        4965.5726   3.63e+04      0.137      0.891   -6.62e+04    7.61e+04
x505        8.301e+04   1.19e+05      0.700      0.484   -1.49e+05    3.15e+05
x506        7.544e+05    2.4e+05      3.148      0.002    2.85e+05    1.22e+06
x507       -4.158e+05   1.67e+05     -2.483      0.013   -7.44e+05   -8.75e+04
x508        1.878e+05    1.5e+05      1.252      0.211   -1.06e+05    4.82e+05
x509       -6.155e+05   2.27e+05     -2.717      0.007   -1.06e+06   -1.71e+05
x510        7.446e+05   2.11e+05      3.533      0.000    3.31e+05    1.16e+06
x511       -9.457e+04   1.04e+05     -0.910      0.363   -2.98e+05    1.09e+05
x512       -4.897e+05   1.61e+05     -3.035      0.002   -8.06e+05   -1.73e+05
x513       -1.064e+05   4.87e+04     -2.184      0.029   -2.02e+05   -1.09e+04
x514        2.356e+05   1.35e+05      1.748      0.081   -2.87e+04       5e+05
x515       -7.146e+05   5.55e+05     -1.288      0.198    -1.8e+06    3.73e+05
x516        1.406e+05   1.72e+05      0.817      0.414   -1.97e+05    4.78e+05
x517       -7.878e+05   3.23e+05     -2.441      0.015   -1.42e+06   -1.55e+05
x518        2.023e+05   1.87e+05      1.081      0.280   -1.65e+05    5.69e+05
x519        4.605e+04   8.29e+04      0.556      0.579   -1.16e+05    2.09e+05
x520       -6.025e+05   1.51e+05     -3.992      0.000   -8.98e+05   -3.07e+05
x521       -5.868e+04   1.19e+05     -0.495      0.621   -2.91e+05    1.74e+05
x522       -3.048e+05   7.69e+04     -3.961      0.000   -4.56e+05   -1.54e+05
x523       -2.226e+05   9.39e+04     -2.371      0.018   -4.07e+05   -3.85e+04
x524       -5.596e+04    1.5e+05     -0.372      0.710   -3.51e+05    2.39e+05
x525        1.565e+05   1.21e+05      1.289      0.197   -8.15e+04    3.95e+05
x526        1.524e+05   8.39e+04      1.815      0.070   -1.22e+04    3.17e+05
x527        2.989e+05   9.83e+04      3.041      0.002    1.06e+05    4.92e+05
x528        8.797e+04   4.74e+04      1.854      0.064   -5040.885    1.81e+05
x529       -2.913e+05   9.32e+04     -3.126      0.002   -4.74e+05   -1.09e+05
x530        4.134e+05   4.28e+05      0.965      0.334   -4.26e+05    1.25e+06
x531        1.623e+05   7.49e+05      0.217      0.828   -1.31e+06    1.63e+06
x532       -1.099e+05   8.73e+04     -1.259      0.208   -2.81e+05    6.13e+04
x533       -2.266e+05   1.63e+05     -1.389      0.165   -5.46e+05    9.31e+04
x534       -6.043e+04    8.7e+04     -0.694      0.487   -2.31e+05     1.1e+05
x535       -3.045e+05   1.13e+05     -2.703      0.007   -5.25e+05   -8.36e+04
x536       -2.819e+05   3.83e+05     -0.737      0.461   -1.03e+06    4.69e+05
x537        1.436e+05   1.06e+05      1.354      0.176   -6.43e+04    3.52e+05
x538        2.405e+05   1.66e+05      1.449      0.147   -8.48e+04    5.66e+05
x539       -5.955e+04   8.09e+04     -0.736      0.462   -2.18e+05    9.91e+04
x540        3.728e+05   9.51e+04      3.920      0.000    1.86e+05    5.59e+05
x541       -1.387e+05   7.11e+04     -1.951      0.051   -2.78e+05     647.545
x542       -7.765e+04   7.87e+04     -0.986      0.324   -2.32e+05    7.67e+04
x543       -5734.5957   2.96e+04     -0.194      0.846   -6.37e+04    5.23e+04
x544        2.507e+05   7.63e+04      3.284      0.001    1.01e+05       4e+05
x545       -1.437e+05   1.04e+05     -1.388      0.165   -3.47e+05    5.93e+04
x546       -1.231e+04   5.04e+04     -0.244      0.807   -1.11e+05    8.66e+04
x547       -2.475e+05   8.38e+04     -2.953      0.003   -4.12e+05   -8.32e+04
x548        1.391e+04   2.33e+04      0.598      0.550   -3.17e+04    5.95e+04
x549       -2.747e+04   3.69e+04     -0.745      0.456   -9.98e+04    4.48e+04
x550       -1.481e+05   1.36e+05     -1.089      0.276   -4.15e+05    1.19e+05
x551       -1.141e+06    7.3e+05     -1.564      0.118   -2.57e+06     2.9e+05
x552        5.458e+05   4.01e+05      1.361      0.174   -2.41e+05    1.33e+06
x553        -1.02e+04   8.49e+05     -0.012      0.990   -1.67e+06    1.65e+06
x554        3.288e+05   3.65e+05      0.902      0.367   -3.86e+05    1.04e+06
x555        4.026e+05   3.16e+05      1.274      0.203   -2.17e+05    1.02e+06
x556        4.005e+05   5.41e+05      0.740      0.459    -6.6e+05    1.46e+06
x557        1.292e+05   2.24e+05      0.577      0.564    -3.1e+05    5.68e+05
x558        3.989e+04   1.11e+05      0.358      0.720   -1.79e+05    2.58e+05
x559       -2.228e+05   9.68e+04     -2.302      0.021   -4.13e+05    -3.3e+04
x560        6.253e+04    2.1e+05      0.298      0.766   -3.49e+05    4.74e+05
x561       -1.144e+05   1.21e+05     -0.946      0.344   -3.52e+05    1.23e+05
x562        5.362e+04   6.04e+04      0.888      0.375   -6.48e+04    1.72e+05
x563        1.727e+05   1.34e+05      1.285      0.199   -9.08e+04    4.36e+05
x564         1.26e+05    8.8e+04      1.432      0.152   -4.65e+04    2.98e+05
x565       -1.557e+05   6.89e+04     -2.258      0.024   -2.91e+05   -2.05e+04
x566        8.261e+04   2.04e+05      0.405      0.685   -3.17e+05    4.82e+05
x567        1.024e+04   2.61e+05      0.039      0.969   -5.02e+05    5.23e+05
x568       -4.602e+04   1.11e+05     -0.414      0.679   -2.64e+05    1.72e+05
x569        1.343e+05   1.88e+05      0.716      0.474   -2.34e+05    5.02e+05
x570       -2.999e+05   1.62e+05     -1.850      0.064   -6.18e+05    1.78e+04
x571       -2.069e+05   1.09e+05     -1.902      0.057    -4.2e+05    6404.892
x572         2.53e+04   1.34e+05      0.189      0.850   -2.37e+05    2.87e+05
x573        4.558e+04   6.08e+04      0.750      0.453   -7.36e+04    1.65e+05
x574        -2.39e+05   1.14e+05     -2.093      0.036   -4.63e+05   -1.51e+04
x575        2.148e+05   9.33e+04      2.304      0.021     3.2e+04    3.98e+05
x576        1.206e+05   7.23e+04      1.667      0.096   -2.12e+04    2.62e+05
x577       -4.771e+04   5.19e+04     -0.920      0.358   -1.49e+05     5.4e+04
x578        6.124e+04   7.32e+04      0.837      0.403   -8.22e+04    2.05e+05
x579       -2.433e+04   4.16e+04     -0.585      0.559   -1.06e+05    5.72e+04
x580        1.624e+04   4.97e+04      0.327      0.744   -8.11e+04    1.14e+05
x581       -2.672e+05   9.35e+04     -2.858      0.004   -4.51e+05   -8.39e+04
x582        2.459e+04   8.38e+04      0.293      0.769    -1.4e+05    1.89e+05
x583        -1.29e+05   7.23e+04     -1.783      0.075   -2.71e+05    1.29e+04
x584       -1.994e+05   5.92e+04     -3.369      0.001   -3.16e+05   -8.34e+04
x585        1.519e+04   3.39e+04      0.448      0.654   -5.13e+04    8.17e+04
x586       -4.428e+04   8.19e+04     -0.541      0.589   -2.05e+05    1.16e+05
x587       -2.813e+05   7.33e+04     -3.840      0.000   -4.25e+05   -1.38e+05
x588       -2.046e+05   7.28e+04     -2.810      0.005   -3.47e+05   -6.19e+04
x589        1.615e+05   5.02e+04      3.218      0.001    6.31e+04     2.6e+05
x590       -1.892e+05   5.25e+04     -3.606      0.000   -2.92e+05   -8.63e+04
x591        1.869e+05   6.52e+04      2.865      0.004     5.9e+04    3.15e+05
x592        5.394e+04   2.51e+04      2.147      0.032    4681.087    1.03e+05
x593       -1.651e+05   5.83e+04     -2.829      0.005   -2.79e+05   -5.07e+04
x594        9.026e+04    1.2e+05      0.755      0.450   -1.44e+05    3.25e+05
x595        5728.0218   1.96e+05      0.029      0.977   -3.79e+05    3.91e+05
x596       -7.462e+04    4.5e+04     -1.658      0.097   -1.63e+05    1.36e+04
x597       -2.786e+05   9.46e+04     -2.945      0.003   -4.64e+05   -9.31e+04
x598        1.762e+04   4.15e+04      0.425      0.671   -6.37e+04     9.9e+04
x599        9.269e+04   7.79e+04      1.191      0.234      -6e+04    2.45e+05
x600        8570.0598   1.01e+05      0.085      0.932   -1.89e+05    2.06e+05
x601        6350.9184   3.63e+04      0.175      0.861   -6.47e+04    7.74e+04
x602        2.586e+05   7.34e+04      3.523      0.000    1.15e+05    4.03e+05
x603       -4.714e+04   3.16e+04     -1.491      0.136   -1.09e+05    1.49e+04
x604       -4.127e+04    5.1e+04     -0.809      0.418   -1.41e+05    5.87e+04
x605       -4.856e+04    4.8e+04     -1.011      0.312   -1.43e+05    4.56e+04
x606        1.008e+04   6.09e+04      0.166      0.868   -1.09e+05    1.29e+05
x607       -1.758e+04   1.66e+04     -1.062      0.288      -5e+04    1.49e+04
x608        1.797e+05   4.59e+04      3.917      0.000    8.97e+04     2.7e+05
x609       -3.325e+04   6.62e+04     -0.502      0.616   -1.63e+05    9.65e+04
x610        5.654e+04   2.49e+04      2.273      0.023    7766.223    1.05e+05
x611       -2.032e+05   5.13e+04     -3.958      0.000   -3.04e+05   -1.03e+05
x612        1.877e+04   1.39e+04      1.347      0.178   -8543.630    4.61e+04
x613         -1.3e+05    2.5e+04     -5.205      0.000   -1.79e+05    -8.1e+04
x614       -2.114e+04   7.69e+04     -0.275      0.783   -1.72e+05     1.3e+05
x615        6.802e+05   2.16e+05      3.152      0.002    2.57e+05     1.1e+06
x616       -1.446e+06   5.91e+05     -2.449      0.014    -2.6e+06   -2.88e+05
x617        -1.43e+04    6.1e+04     -0.235      0.815   -1.34e+05    1.05e+05
x618       -3.512e+05   1.44e+05     -2.438      0.015   -6.34e+05   -6.88e+04
x619        -1.03e+05   8.84e+04     -1.164      0.244   -2.76e+05    7.04e+04
x620       -3.864e+04   1.21e+05     -0.318      0.750   -2.77e+05    1.99e+05
x621         8.45e+05   6.05e+05      1.396      0.163   -3.42e+05    2.03e+06
x622       -8.406e+04   1.12e+05     -0.751      0.453   -3.03e+05    1.35e+05
x623         6.95e+05   2.76e+05      2.518      0.012    1.54e+05    1.24e+06
x624        3.002e+05   1.61e+05      1.861      0.063   -1.61e+04    6.17e+05
x625       -5.575e+04    1.9e+05     -0.293      0.769   -4.28e+05    3.17e+05
x626        3.174e+04   3.67e+04      0.865      0.387   -4.02e+04    1.04e+05
x627        1.152e+04   5.41e+04      0.213      0.831   -9.45e+04    1.18e+05
x628       -3.471e+04   2.11e+04     -1.644      0.100   -7.61e+04    6677.773
x629       -2.219e+04   5.34e+04     -0.415      0.678   -1.27e+05    8.26e+04
x630       -3.089e+05   1.08e+05     -2.858      0.004   -5.21e+05    -9.7e+04
x631        3.593e+04   4.25e+04      0.845      0.398   -4.75e+04    1.19e+05
x632       -2.885e+05   9.31e+04     -3.100      0.002   -4.71e+05   -1.06e+05
x633        2892.2374      3e+04      0.096      0.923   -5.59e+04    6.17e+04
x634        5.313e+04   3.98e+04      1.334      0.182    -2.5e+04    1.31e+05
x635        1.658e+05   9.94e+04      1.669      0.095    -2.9e+04    3.61e+05
x636        2.734e+04    2.1e+05      0.130      0.897   -3.85e+05     4.4e+05
x637        6.923e+04   6.87e+04      1.008      0.313   -6.54e+04    2.04e+05
x638       -3.872e+05   1.44e+05     -2.685      0.007    -6.7e+05   -1.04e+05
x639       -2.157e+05   8.65e+04     -2.494      0.013   -3.85e+05   -4.61e+04
x640        4.128e+04   9.19e+04      0.449      0.653   -1.39e+05    2.21e+05
x641       -8067.3983   3.37e+04     -0.240      0.811   -7.41e+04    5.79e+04
x642       -2.036e+05   5.55e+04     -3.669      0.000   -3.12e+05   -9.48e+04
x643        2.599e+04   2.01e+04      1.292      0.196   -1.34e+04    6.54e+04
x644        4.782e+04   4.05e+04      1.180      0.238   -3.16e+04    1.27e+05
x645        4.057e+05   8.71e+04      4.656      0.000    2.35e+05    5.76e+05
x646        2.808e+04   3.95e+04      0.710      0.477   -4.94e+04    1.06e+05
x647        1.502e+05   6.95e+04      2.160      0.031    1.39e+04    2.87e+05
x648       -5.078e+04   2.86e+04     -1.775      0.076   -1.07e+05    5318.045
x649       -7.128e+04   3.99e+04     -1.785      0.074    -1.5e+05    7009.400
x650        1.602e+05   8.67e+04      1.847      0.065   -9843.737     3.3e+05
x651       -3.085e+05   5.82e+04     -5.303      0.000   -4.23e+05   -1.94e+05
x652        8.473e+04   5.37e+04      1.579      0.114   -2.05e+04     1.9e+05
x653        1.827e+04   1.52e+04      1.203      0.229   -1.15e+04     4.8e+04
x654       -5.081e+04   3.81e+04     -1.332      0.183   -1.26e+05     2.4e+04
x655        -9.69e+04   6.03e+04     -1.608      0.108   -2.15e+05    2.12e+04
x656       -2.943e+04   2.06e+04     -1.427      0.154   -6.98e+04     1.1e+04
x657        5.029e+04   4.67e+04      1.077      0.281   -4.12e+04    1.42e+05
x658        1.021e+04   1.06e+04      0.965      0.335   -1.05e+04     3.1e+04
x659       -1.579e+04   2.07e+04     -0.762      0.446   -5.64e+04    2.48e+04
x660        2.168e+05   6.68e+04      3.247      0.001    8.59e+04    3.48e+05
x661        5.775e+04    7.3e+04      0.791      0.429   -8.54e+04    2.01e+05
x662         4.24e+04   2.61e+04      1.625      0.104   -8741.328    9.35e+04
x663         1.82e+05   5.87e+04      3.101      0.002    6.69e+04    2.97e+05
x664        2.564e+04   1.61e+04      1.591      0.112   -5947.178    5.72e+04
x665        8.677e+04   2.83e+04      3.068      0.002    3.13e+04    1.42e+05
x666       -3.846e+04   7.77e+04     -0.495      0.621   -1.91e+05    1.14e+05
x667       -2.295e+04    1.1e+04     -2.092      0.036   -4.45e+04   -1444.107
x668        4.627e+04   1.72e+04      2.683      0.007    1.25e+04    8.01e+04
x669       -9.856e+04   3.35e+04     -2.940      0.003   -1.64e+05   -3.28e+04
x670       -1.317e+05   1.16e+05     -1.137      0.256   -3.59e+05    9.54e+04
x671        5.133e+05   3.22e+05      1.592      0.112   -1.19e+05    1.15e+06
x672        7.053e+04   2.35e+05      0.300      0.764    -3.9e+05    5.31e+05
x673       -1.805e+04   3.52e+05     -0.051      0.959   -7.09e+05    6.73e+05
x674        1.933e+05   4.31e+05      0.449      0.654   -6.51e+05    1.04e+06
x675       -3.804e+05   2.53e+05     -1.505      0.133   -8.76e+05    1.15e+05
x676        1.038e+05   2.84e+05      0.365      0.715   -4.53e+05    6.61e+05
x677       -1.129e+04   9.31e+04     -0.121      0.903   -1.94e+05    1.71e+05
x678        -3.61e+04   2.29e+05     -0.158      0.875   -4.85e+05    4.13e+05
x679       -1.992e+05   2.25e+05     -0.886      0.376    -6.4e+05    2.42e+05
x680        2.801e+04   3.08e+05      0.091      0.927   -5.75e+05    6.31e+05
x681         -8.7e+04   3.21e+05     -0.271      0.786   -7.16e+05    5.42e+05
x682        3.513e+05   1.88e+05      1.870      0.062   -1.71e+04     7.2e+05
x683       -1.682e+05   1.58e+05     -1.063      0.288   -4.78e+05    1.42e+05
x684       -6.743e+04   6.86e+04     -0.983      0.326   -2.02e+05    6.71e+04
x685       -4.417e+05   2.25e+05     -1.959      0.050   -8.84e+05     305.882
x686        1.071e+05   4.73e+05      0.227      0.821   -8.19e+05    1.03e+06
x687        1.322e+05   6.43e+05      0.206      0.837   -1.13e+06    1.39e+06
x688       -2.694e+05      5e+05     -0.539      0.590   -1.25e+06    7.11e+05
x689        3.344e+05   3.43e+05      0.975      0.330   -3.38e+05    1.01e+06
x690       -6.626e+04   1.05e+05     -0.631      0.528   -2.72e+05     1.4e+05
x691       -2.999e+05   2.88e+05     -1.043      0.297   -8.64e+05    2.64e+05
x692       -1.641e+05   3.33e+05     -0.492      0.623   -8.18e+05    4.89e+05
x693        3.352e+05   3.84e+05      0.874      0.382   -4.17e+05    1.09e+06
x694       -4.167e+05   3.55e+05     -1.174      0.241   -1.11e+06    2.79e+05
x695        5.113e+04   1.42e+05      0.359      0.719   -2.28e+05     3.3e+05
x696        1.495e+05    1.8e+05      0.828      0.408   -2.04e+05    5.03e+05
x697        1.707e+05   1.08e+05      1.579      0.114   -4.13e+04    3.83e+05
x698        1.751e+05   2.97e+05      0.590      0.555   -4.07e+05    7.57e+05
x699       -1.325e+04   1.35e+05     -0.099      0.922   -2.77e+05    2.51e+05
x700        1.066e+05   1.88e+05      0.567      0.571   -2.62e+05    4.75e+05
x701       -1.653e+05   2.63e+05     -0.628      0.530   -6.81e+05    3.51e+05
x702        1.227e+05   9.71e+04      1.264      0.206   -6.77e+04    3.13e+05
x703       -2.472e+05   2.43e+05     -1.020      0.308   -7.23e+05    2.28e+05
x704        1.972e+04   5.48e+04      0.360      0.719   -8.77e+04    1.27e+05
x705       -1.073e+05   5.72e+04     -1.875      0.061   -2.19e+05    4878.004
x706       -1.465e+05   1.29e+05     -1.138      0.255   -3.99e+05    1.06e+05
x707        3.369e+04   5.84e+04      0.577      0.564   -8.07e+04    1.48e+05
x708        8.988e+04   1.09e+05      0.827      0.408   -1.23e+05    3.03e+05
x709       -1.054e+05    8.8e+04     -1.197      0.231   -2.78e+05    6.72e+04
x710        1.758e+04   4.92e+04      0.357      0.721   -7.89e+04    1.14e+05
x711        8.363e+04   4.61e+04      1.813      0.070   -6818.463    1.74e+05
x712       -3.252e+04   2.04e+04     -1.598      0.110   -7.24e+04    7380.301
x713        6.698e+04   2.81e+04      2.387      0.017     1.2e+04    1.22e+05
x714       -1.204e+05   1.72e+05     -0.698      0.485   -4.58e+05    2.18e+05
x715         4.06e+04   2.61e+05      0.156      0.876   -4.71e+05    5.52e+05
x716       -2.674e+05   1.41e+05     -1.893      0.058   -5.44e+05    9582.696
x717        1.737e+05   1.02e+05      1.700      0.089   -2.67e+04    3.74e+05
x718       -6.098e+04   3.94e+04     -1.548      0.122   -1.38e+05    1.63e+04
x719        4.451e+04   5.92e+04      0.751      0.452   -7.16e+04    1.61e+05
x720       -1.606e+04   1.28e+05     -0.126      0.900   -2.66e+05    2.34e+05
x721        2.078e+05   1.54e+05      1.352      0.176   -9.34e+04    5.09e+05
x722       -2.036e+05   8.93e+04     -2.281      0.023   -3.79e+05   -2.86e+04
x723        3.904e+04   3.29e+04      1.187      0.235   -2.54e+04    1.04e+05
x724       -7.342e+04   5.16e+04     -1.422      0.155   -1.75e+05    2.78e+04
x725        7.451e+04   5.66e+04      1.317      0.188   -3.64e+04    1.85e+05
x726          1.6e+04   4.85e+04      0.330      0.742   -7.92e+04    1.11e+05
x727        1.149e+04   1.89e+04      0.608      0.543   -2.56e+04    4.86e+04
x728       -5.175e+04   3.05e+04     -1.697      0.090   -1.12e+05    8038.666
x729       -6653.0121   4.74e+04     -0.140      0.888   -9.97e+04    8.63e+04
x730         1.14e+04   1.94e+04      0.589      0.556   -2.65e+04    4.94e+04
x731         5.59e+04   3.08e+04      1.817      0.069   -4418.496    1.16e+05
x732        8466.7208   1.32e+04      0.643      0.520   -1.73e+04    3.43e+04
x733       -7398.3167   1.47e+04     -0.505      0.614   -3.61e+04    2.13e+04
x734        7.356e+04   3.83e+04      1.922      0.055   -1484.628    1.49e+05
x735       -2.493e+05    1.7e+05     -1.465      0.143   -5.83e+05    8.43e+04
x736        6.186e+05   3.58e+05      1.726      0.084    -8.4e+04    1.32e+06
x737        1.211e+05   1.98e+05      0.612      0.540   -2.67e+05    5.09e+05
x738        2.182e+05   1.17e+05      1.872      0.061   -1.03e+04    4.47e+05
x739        1.584e+04   6.36e+04      0.249      0.803   -1.09e+05    1.41e+05
x740       -1.454e+05    9.9e+04     -1.468      0.142    -3.4e+05    4.88e+04
x741       -5.504e+05   3.05e+05     -1.807      0.071   -1.15e+06    4.68e+04
x742       -4.088e+05   3.79e+05     -1.077      0.281   -1.15e+06    3.35e+05
x743       -3.126e+05   2.09e+05     -1.494      0.135   -7.23e+05    9.76e+04
x744        1.403e+04   8.88e+04      0.158      0.875    -1.6e+05    1.88e+05
x745         2.93e+05   1.43e+05      2.054      0.040    1.33e+04    5.73e+05
x746        1.009e+04   1.39e+05      0.072      0.942   -2.63e+05    2.83e+05
x747       -1.213e+05   1.17e+05     -1.036      0.300   -3.51e+05    1.08e+05
x748        4.176e+04   3.53e+04      1.184      0.237   -2.74e+04    1.11e+05
x749         1.17e+04   5.96e+04      0.196      0.844   -1.05e+05    1.28e+05
x750       -1.202e+05   9.87e+04     -1.219      0.223   -3.14e+05    7.32e+04
x751       -4863.3967   3.43e+04     -0.142      0.887   -7.22e+04    6.24e+04
x752        5.673e+04   3.97e+04      1.428      0.153   -2.12e+04    1.35e+05
x753       -4822.1240   2.73e+04     -0.176      0.860   -5.84e+04    4.88e+04
x754       -1.138e+04   3.67e+04     -0.310      0.757   -8.34e+04    6.06e+04
x755        1.008e+05   8.87e+04      1.137      0.256   -7.31e+04    2.75e+05
x756        2.244e+05   1.16e+05      1.941      0.052   -2284.652    4.51e+05
x757        2.394e+05   2.25e+05      1.065      0.287   -2.01e+05     6.8e+05
x758        1.305e+05    1.2e+05      1.089      0.276   -1.04e+05    3.65e+05
x759       -4.745e+04   4.53e+04     -1.047      0.295   -1.36e+05    4.14e+04
x760       -1.487e+05   7.54e+04     -1.972      0.049   -2.97e+05    -825.003
x761       -3.191e+04   1.55e+05     -0.205      0.837   -3.37e+05    2.73e+05
x762        1.753e+05   1.35e+05      1.295      0.195      -9e+04    4.41e+05
x763       -3.795e+04   4.15e+04     -0.914      0.361   -1.19e+05    4.35e+04
x764         357.6691   6.62e+04      0.005      0.996   -1.29e+05     1.3e+05
x765          4.3e+04   9.01e+04      0.477      0.633   -1.34e+05     2.2e+05
x766       -2.185e+04   3.23e+04     -0.676      0.499   -8.53e+04    4.16e+04
x767       -6.212e+04    4.2e+04     -1.481      0.139   -1.44e+05    2.01e+04
x768        3342.0312    2.8e+04      0.119      0.905   -5.15e+04    5.82e+04
x769        3.301e+04   2.98e+04      1.109      0.267   -2.53e+04    9.14e+04
x770       -9.711e+04    7.5e+04     -1.294      0.196   -2.44e+05       5e+04
x771       -1.546e+04   5.39e+04     -0.287      0.774   -1.21e+05    9.03e+04
x772        4.503e+04   4.83e+04      0.933      0.351   -4.96e+04     1.4e+05
x773        -1.17e+04   1.96e+04     -0.597      0.550   -5.01e+04    2.67e+04
x774        5.208e+04   2.68e+04      1.946      0.052    -384.657    1.05e+05
x775       -4.241e+04   4.27e+04     -0.994      0.320   -1.26e+05    4.12e+04
x776       -3533.0902    1.6e+04     -0.221      0.825   -3.48e+04    2.78e+04
x777       -1.706e+04   2.77e+04     -0.615      0.538   -7.14e+04    3.73e+04
x778       -4298.3090   1.25e+04     -0.344      0.731   -2.88e+04    2.02e+04
x779        1.041e+04   1.15e+04      0.907      0.365   -1.21e+04    3.29e+04
x780       -1.758e+04   2.95e+04     -0.597      0.551   -7.53e+04    4.02e+04
x781        6.399e+04   6.72e+04      0.952      0.341   -6.78e+04    1.96e+05
x782        2.854e+04   2.12e+04      1.349      0.177   -1.29e+04       7e+04
x783       -1.325e+04   3.18e+04     -0.416      0.677   -7.57e+04    4.92e+04
x784        5054.5228   1.31e+04      0.385      0.700   -2.07e+04    3.08e+04
x785       -1.554e+04   1.71e+04     -0.909      0.363   -4.91e+04     1.8e+04
x786        6340.0335   4.03e+04      0.157      0.875   -7.26e+04    8.53e+04
x787        1.486e+04    1.1e+04      1.353      0.176   -6672.350    3.64e+04
x788        2015.6446   1.24e+04      0.162      0.871   -2.24e+04    2.64e+04
x789       -2146.7789   2.55e+04     -0.084      0.933   -5.21e+04    4.79e+04
x790       -3.263e+04   7.53e+04     -0.433      0.665    -1.8e+05    1.15e+05
x791        2.269e+04    2.5e+04      0.908      0.364   -2.63e+04    7.17e+04
x792        -1.06e+04   2.24e+04     -0.472      0.637   -5.46e+04    3.34e+04
x793        3.992e+04   2.18e+04      1.829      0.067   -2872.473    8.27e+04
x794        9427.4628   1.35e+04      0.696      0.486   -1.71e+04     3.6e+04
x795       -1.045e+04   1.67e+04     -0.627      0.531   -4.31e+04    2.22e+04
x796        5365.3430   8122.438      0.661      0.509   -1.06e+04    2.13e+04
x797        1.204e+04   1.28e+04      0.938      0.348   -1.31e+04    3.72e+04
x798        8211.9540   2.33e+04      0.352      0.725   -3.75e+04    5.39e+04
x799        1.271e+04    3.8e+04      0.334      0.738   -6.18e+04    8.73e+04
x800       -2.786e+04   1.45e+04     -1.918      0.055   -5.63e+04     613.068
x801        3.254e+04   1.72e+04      1.894      0.058   -1142.744    6.62e+04
x802       -2.404e+04   8095.198     -2.969      0.003   -3.99e+04   -8164.026
x803       -5722.8386   1.33e+04     -0.430      0.667   -3.18e+04    2.04e+04
x804       -3.906e+04   2.73e+04     -1.429      0.153   -9.27e+04    1.45e+04
x805        1.486e+04   1.43e+04      1.039      0.299   -1.32e+04    4.29e+04
x806       -3.027e+04   1.74e+04     -1.737      0.082   -6.44e+04    3889.631
x807        6661.4409   7755.370      0.859      0.390   -8543.649    2.19e+04
x808        -324.6784   1.21e+04     -0.027      0.979    -2.4e+04    2.34e+04
x809        1.745e+04   9615.488      1.815      0.070   -1397.512    3.63e+04
x810       -3.137e+04   9668.293     -3.245      0.001   -5.03e+04   -1.24e+04
x811        7518.3769   4467.500      1.683      0.092   -1240.553    1.63e+04
x812        3757.5134   7996.596      0.470      0.638   -1.19e+04    1.94e+04
x813        -2.41e+04   1.37e+04     -1.756      0.079    -5.1e+04    2810.210
x814       -4856.6021   5947.481     -0.817      0.414   -1.65e+04    6803.961
x815        3879.4453   9267.206      0.419      0.676   -1.43e+04     2.2e+04
x816        2162.8349   3482.317      0.621      0.535   -4664.556    8990.225
x817        4002.7350   4526.984      0.884      0.377   -4872.819    1.29e+04
x818       -1.651e+04   1.29e+04     -1.281      0.200   -4.18e+04    8758.551
x819         3.76e+04   3.27e+04      1.149      0.251   -2.65e+04    1.02e+05
x820       -1.116e+05   6.69e+04     -1.667      0.096   -2.43e+05    1.96e+04
x821       -1.138e+04   2.34e+04     -0.486      0.627   -5.72e+04    3.45e+04
x822       -6788.0518   2.37e+04     -0.286      0.775   -5.33e+04    3.98e+04
x823       -1.263e+04   1.15e+04     -1.101      0.271   -3.51e+04    9862.553
x824       -6476.7563      2e+04     -0.324      0.746   -4.56e+04    3.27e+04
x825        1.632e+05   7.66e+04      2.131      0.033     1.3e+04    3.13e+05
x826        2.601e+04   3.58e+04      0.726      0.468   -4.43e+04    9.63e+04
x827        2.583e+04   3.55e+04      0.727      0.467   -4.38e+04    9.55e+04
x828        3513.5409   1.76e+04      0.200      0.841   -3.09e+04    3.79e+04
x829        1267.5659   2.48e+04      0.051      0.959   -4.74e+04    4.99e+04
x830        2.004e+04   1.45e+04      1.384      0.166   -8342.383    4.84e+04
x831        2.398e+04   1.43e+04      1.674      0.094   -4102.379    5.21e+04
x832        4014.8304   6665.385      0.602      0.547   -9053.248    1.71e+04
x833       -1.507e+04   1.23e+04     -1.227      0.220   -3.91e+04    9008.900
x834       -1.067e+04   1.83e+04     -0.582      0.560   -4.66e+04    2.53e+04
x835       -7844.3736   7612.723     -1.030      0.303   -2.28e+04    7081.044
x836       -3708.9439   1.37e+04     -0.270      0.787   -3.06e+04    2.32e+04
x837        5145.3423   4836.216      1.064      0.287   -4336.488    1.46e+04
x838        4902.4788   6260.949      0.783      0.434   -7372.666    1.72e+04
x839       -5728.1793   1.61e+04     -0.355      0.723   -3.74e+04    2.59e+04
x840       -6.809e+04   3.82e+04     -1.784      0.075   -1.43e+05    6738.822
x841       -1.674e+04   2.39e+04     -0.699      0.484   -6.36e+04    3.02e+04
x842        -857.8246   2.71e+04     -0.032      0.975   -5.39e+04    5.22e+04
x843        6681.3451   1.17e+04      0.571      0.568   -1.62e+04    2.96e+04
x844        1.759e+04    1.5e+04      1.173      0.241   -1.18e+04     4.7e+04
x845       -7112.9146   1.34e+04     -0.531      0.596   -3.34e+04    1.92e+04
x846        -2.75e+04   1.24e+04     -2.209      0.027   -5.19e+04   -3096.652
x847         122.8623   6093.973      0.020      0.984   -1.18e+04    1.21e+04
x848        1.251e+04   1.17e+04      1.072      0.284   -1.04e+04    3.54e+04
x849        1.308e+04   1.74e+04      0.753      0.452    -2.1e+04    4.72e+04
x850        2084.5625   7208.939      0.289      0.772    -1.2e+04    1.62e+04
x851       -4965.5802   1.26e+04     -0.395      0.693   -2.96e+04    1.97e+04
x852       -5954.6559   4678.917     -1.273      0.203   -1.51e+04    3218.775
x853        -529.1840   5730.714     -0.092      0.926   -1.18e+04    1.07e+04
x854        1.779e+04   1.49e+04      1.195      0.232   -1.14e+04     4.7e+04
x855        3.296e+04   1.17e+04      2.810      0.005    9965.289    5.59e+04
x856       -4171.5416   1.01e+04     -0.412      0.680    -2.4e+04    1.57e+04
x857        2834.0084   4293.430      0.660      0.509   -5583.642    1.13e+04
x858        1.118e+04   7746.050      1.443      0.149   -4005.798    2.64e+04
x859        1.173e+04   1.08e+04      1.088      0.276   -9396.984    3.29e+04
x860       -2547.4194   4317.348     -0.590      0.555    -1.1e+04    5917.123
x861       -1.975e+04   7283.135     -2.712      0.007    -3.4e+04   -5474.465
x862         -17.4430   2515.962     -0.007      0.994   -4950.209    4915.323
x863        2753.3953   3493.878      0.788      0.431   -4096.661    9603.452
x864       -7330.5563   9753.669     -0.752      0.452   -2.65e+04    1.18e+04
x865        1.991e+04   1.59e+04      1.249      0.212   -1.14e+04    5.12e+04
x866       -1854.4539   6376.830     -0.291      0.771   -1.44e+04    1.06e+04
x867        1.357e+04   9623.117      1.411      0.158   -5292.539    3.24e+04
x868        3689.4576   3127.629      1.180      0.238   -2442.537    9821.452
x869       -9705.1397   4477.780     -2.167      0.030   -1.85e+04    -926.056
x870        3.265e+04   1.15e+04      2.831      0.005       1e+04    5.53e+04
x871        1621.6095   2849.884      0.569      0.569   -3965.841    7209.060
x872        3643.4572   2529.616      1.440      0.150   -1316.079    8602.993
x873       -5861.9718   5765.091     -1.017      0.309   -1.72e+04    5441.001
x874        2.439e+04   1.99e+04      1.223      0.222   -1.47e+04    6.35e+04
x875        -6.29e+04   6.51e+04     -0.966      0.334   -1.91e+05    6.48e+04
x876        1.497e+05   1.31e+05      1.144      0.253   -1.07e+05    4.06e+05
x877         8.55e+04   4.46e+04      1.917      0.055   -1950.335    1.73e+05
x878       -2.116e+04   4.36e+04     -0.485      0.628   -1.07e+05    6.44e+04
x879        1.183e+04   1.97e+04      0.600      0.548   -2.68e+04    5.05e+04
x880       -1.419e+04   3.98e+04     -0.356      0.722   -9.23e+04    6.39e+04
x881       -1.968e+05   1.62e+05     -1.212      0.226   -5.15e+05    1.22e+05
x882       -6.352e+04   8.67e+04     -0.733      0.464   -2.33e+05    1.06e+05
x883        3.674e+04   7.38e+04      0.498      0.619   -1.08e+05    1.81e+05
x884       -1.514e+04   3.58e+04     -0.423      0.673   -8.54e+04    5.51e+04
x885        1.097e+04   5.95e+04      0.184      0.854   -1.06e+05    1.28e+05
x886        1.072e+04   2.78e+04      0.386      0.699   -4.37e+04    6.52e+04
x887       -1.664e+04   2.83e+04     -0.588      0.557   -7.21e+04    3.89e+04
x888        1.304e+04   1.34e+04      0.973      0.331   -1.32e+04    3.93e+04
x889        2.045e+04   2.19e+04      0.932      0.352   -2.26e+04    6.35e+04
x890        4.508e+04    3.7e+04      1.219      0.223   -2.75e+04    1.18e+05
x891       -5279.1297   1.36e+04     -0.389      0.697   -3.19e+04    2.13e+04
x892        1.758e+04   2.77e+04      0.635      0.526   -3.67e+04    7.19e+04
x893        1229.5636   9621.904      0.128      0.898   -1.76e+04    2.01e+04
x894       -2885.0745   1.13e+04     -0.256      0.798   -2.49e+04    1.92e+04
x895       -3.409e+04   3.08e+04     -1.108      0.268   -9.44e+04    2.62e+04
x896        8.251e+04    1.3e+05      0.636      0.525   -1.72e+05    3.37e+05
x897        3.095e+04      1e+05      0.309      0.757   -1.65e+05    2.27e+05
x898       -1.304e+04   6.95e+04     -0.188      0.851   -1.49e+05    1.23e+05
x899        2.515e+04   3.32e+04      0.758      0.448   -3.99e+04    9.02e+04
x900       -3.347e+04   4.29e+04     -0.780      0.435   -1.18e+05    5.07e+04
x901       -2.066e+04   4.37e+04     -0.473      0.636   -1.06e+05     6.5e+04
x902        1.218e+04   4.34e+04      0.281      0.779   -7.29e+04    9.72e+04
x903       -4130.9826   1.87e+04     -0.221      0.825   -4.08e+04    3.25e+04
x904       -4.448e+04   2.79e+04     -1.595      0.111   -9.92e+04    1.02e+04
x905       -6.597e+04   5.17e+04     -1.277      0.202   -1.67e+05    3.53e+04
x906        2.674e+04   2.05e+04      1.306      0.192   -1.34e+04    6.69e+04
x907        -2.26e+04   3.53e+04     -0.640      0.522   -9.18e+04    4.67e+04
x908        1.954e+04   1.32e+04      1.481      0.139   -6329.898    4.54e+04
x909        8121.2046   1.43e+04      0.568      0.570   -1.99e+04    3.62e+04
x910        5.724e+04   4.27e+04      1.341      0.180   -2.65e+04    1.41e+05
x911       -9738.8578   1.66e+04     -0.586      0.558   -4.23e+04    2.28e+04
x912        8057.1407   1.74e+04      0.463      0.643    -2.6e+04    4.22e+04
x913        1339.6070   7291.908      0.184      0.854    -1.3e+04    1.56e+04
x914        8633.5558   1.17e+04      0.741      0.459   -1.42e+04    3.15e+04
x915        1.232e+04   1.98e+04      0.623      0.533   -2.65e+04    5.11e+04
x916        1.137e+04   7712.965      1.474      0.141   -3751.689    2.65e+04
x917        3251.5782   1.35e+04      0.242      0.809   -2.31e+04    2.96e+04
x918       -1581.5697   4414.623     -0.358      0.720   -1.02e+04    7073.691
x919         767.6898   5642.884      0.136      0.892   -1.03e+04    1.18e+04
x920       -3413.0496   1.54e+04     -0.222      0.824   -3.35e+04    2.67e+04
x921       -1.982e+04   2.97e+04     -0.666      0.505   -7.81e+04    3.85e+04
x922       -4386.8213   1.09e+04     -0.401      0.689   -2.58e+04    1.71e+04
x923       -1.495e+04   1.84e+04     -0.812      0.417    -5.1e+04    2.11e+04
x924       -1304.9963   5373.866     -0.243      0.808   -1.18e+04    9230.943
x925       -2547.6653   7977.329     -0.319      0.749   -1.82e+04    1.31e+04
x926        8500.2211   2.02e+04      0.421      0.673    -3.1e+04     4.8e+04
x927       -3301.0813   4800.234     -0.688      0.492   -1.27e+04    6110.203
x928        6281.4242   4284.175      1.466      0.143   -2118.081    1.47e+04
x929       -8313.9959   9032.737     -0.920      0.357    -2.6e+04    9395.485
x930        1.411e+04   2.99e+04      0.472      0.637   -4.46e+04    7.28e+04
x931        5.161e+04   5.32e+04      0.970      0.332   -5.28e+04    1.56e+05
x932       -3.293e+04    5.9e+04     -0.559      0.576   -1.49e+05    8.27e+04
x933        9872.3532   4.01e+04      0.246      0.806   -6.88e+04    8.85e+04
x934       -1.835e+04   1.73e+04     -1.060      0.289   -5.23e+04    1.56e+04
x935        2.641e+04   2.28e+04      1.160      0.246   -1.82e+04     7.1e+04
x936        1.749e+04   3.12e+04      0.561      0.575   -4.36e+04    7.86e+04
x937        2.786e+04   3.03e+04      0.920      0.358   -3.15e+04    8.72e+04
x938       -4768.8028   1.11e+04     -0.430      0.667   -2.65e+04     1.7e+04
x939        -836.2674   1.78e+04     -0.047      0.963   -3.57e+04    3.41e+04
x940        7870.0636   3.44e+04      0.229      0.819   -5.96e+04    7.53e+04
x941       -1.041e+04   1.38e+04     -0.756      0.450   -3.74e+04    1.66e+04
x942       -9333.9323   2.14e+04     -0.437      0.662   -5.12e+04    3.26e+04
x943       -1.712e+04   7692.723     -2.226      0.026   -3.22e+04   -2041.525
x944        3908.2914   8292.894      0.471      0.637   -1.24e+04    2.02e+04
x945       -4.192e+04   2.61e+04     -1.609      0.108    -9.3e+04    9176.221
x946       -3895.1838   1.55e+04     -0.252      0.801   -3.43e+04    2.65e+04
x947        1.928e+04   1.53e+04      1.258      0.208   -1.08e+04    4.93e+04
x948       -2272.0685   6460.053     -0.352      0.725   -1.49e+04    1.04e+04
x949       -8640.4806   1.11e+04     -0.778      0.437   -3.04e+04    1.31e+04
x950       -5624.8096   1.92e+04     -0.293      0.770   -4.33e+04     3.2e+04
x951       -9405.0172   6723.964     -1.399      0.162   -2.26e+04    3777.911
x952        -367.6791   1.15e+04     -0.032      0.974   -2.28e+04    2.21e+04
x953       -2952.5697   3969.029     -0.744      0.457   -1.07e+04    4829.064
x954         377.4044   4775.040      0.079      0.937   -8984.484    9739.293
x955        -861.4051   1.32e+04     -0.065      0.948   -2.68e+04     2.5e+04
x956        2.059e+04   2.73e+04      0.754      0.451   -3.29e+04    7.41e+04
x957        1.352e+04   9937.615      1.360      0.174   -5966.418     3.3e+04
x958        9059.9687   1.57e+04      0.578      0.563   -2.17e+04    3.98e+04
x959        2906.8458   5166.425      0.563      0.574   -7222.388     1.3e+04
x960         -99.6132   6803.053     -0.015      0.988   -1.34e+04    1.32e+04
x961       -1.301e+04    1.9e+04     -0.684      0.494   -5.03e+04    2.43e+04
x962        2935.6122   4463.881      0.658      0.511   -5816.221    1.17e+04
x963       -7151.7558   4014.879     -1.781      0.075    -1.5e+04     719.770
x964        1.455e+04   8575.573      1.697      0.090   -2261.229    3.14e+04
x965        -951.9182   2.96e+04     -0.032      0.974   -5.89e+04     5.7e+04
x966       -1.469e+04   1.62e+04     -0.907      0.364   -4.65e+04    1.71e+04
x967       -9612.3708   1.48e+04     -0.650      0.515   -3.86e+04    1.94e+04
x968        1334.7340   6213.081      0.215      0.830   -1.08e+04    1.35e+04
x969        1.002e+04   1.04e+04      0.963      0.336   -1.04e+04    3.04e+04
x970        9407.8728   1.53e+04      0.616      0.538   -2.05e+04    3.93e+04
x971        -199.8229   5623.683     -0.036      0.972   -1.12e+04    1.08e+04
x972       -7160.7707   8903.108     -0.804      0.421   -2.46e+04    1.03e+04
x973        -393.1383   3317.050     -0.119      0.906   -6896.508    6110.231
x974        3671.6169   4069.772      0.902      0.367   -4307.531    1.17e+04
x975        2.369e+04    1.1e+04      2.146      0.032    2050.965    4.53e+04
x976       -1.842e+04   1.71e+04     -1.074      0.283    -5.2e+04    1.52e+04
x977       -6285.1955   6554.479     -0.959      0.338   -1.91e+04    6565.441
x978       -1.118e+04   1.09e+04     -1.026      0.305   -3.25e+04    1.02e+04
x979        2172.0468   3075.905      0.706      0.480   -3858.538    8202.631
x980        1455.5014   4402.614      0.331      0.741   -7176.214    1.01e+04
x981        -1.06e+04   1.19e+04     -0.893      0.372   -3.39e+04    1.27e+04
x982         933.7360   2569.600      0.363      0.716   -4104.193    5971.665
x983         734.5041   2355.208      0.312      0.755   -3883.089    5352.097
x984        -816.1930   5219.931     -0.156      0.876   -1.11e+04    9417.944
x985        1.182e+04   1.79e+04      0.659      0.510   -2.33e+04     4.7e+04
x986       -7835.3949   2.45e+04     -0.320      0.749   -5.59e+04    4.02e+04
x987       -1943.5062   9480.046     -0.205      0.838   -2.05e+04    1.66e+04
x988       -5645.0606   1.49e+04     -0.378      0.705   -3.49e+04    2.36e+04
x989       -4337.2750   4189.038     -1.035      0.301   -1.26e+04    3875.705
x990        1322.4863   6041.468      0.219      0.827   -1.05e+04    1.32e+04
x991        3.924e+04   1.55e+04      2.533      0.011    8861.990    6.96e+04
x992         -63.7427   3438.608     -0.019      0.985   -6805.438    6677.953
x993        5931.5988   2959.227      2.004      0.045     129.771    1.17e+04
x994       -5482.4928   6899.224     -0.795      0.427    -1.9e+04    8044.048
x995       -8883.9790   2.28e+04     -0.390      0.697   -5.36e+04    3.58e+04
x996        3317.8492   2008.923      1.652      0.099    -620.822    7256.520
x997         943.8328   2613.405      0.361      0.718   -4179.980    6067.645
x998        3310.5893   4097.095      0.808      0.419   -4722.129    1.13e+04
x999       -5003.6993   1.11e+04     -0.449      0.654   -2.69e+04    1.69e+04
x1000       5.917e+04   7.48e+04      0.791      0.429   -8.75e+04    2.06e+05
==============================================================================
Omnibus:                     5690.874   Durbin-Watson:                   1.995
Prob(Omnibus):                  0.000   Jarque-Bera (JB):           938172.547
Skew:                           6.132   Prob(JB):                         0.00
Kurtosis:                      70.383   Cond. No.                     1.00e+06
==============================================================================

Notes:
[1] Standard Errors assume that the covariance matrix of the errors is correctly specified.
[2] The condition number is large,  1e+06. This might indicate that there are
strong multicollinearity or other numerical problems.

